0.000000
5.383301
10.766602
16.149902
21.533203
26.916504
32.299805
37.683105
43.066406
48.449707
53.833008
59.216309
64.599609
69.982910
75.366211
80.749512
86.132812
91.516113
96.899414
102.282715
107.666016
113.049316
118.432617
123.815918
129.199219
134.582520
139.965820
145.349121
150.732422
156.115723
161.499023
166.882324
172.265625
177.648926
183.032227
188.415527
193.798828
199.182129
204.565430
209.948730
215.332031
220.715332
226.098633
231.481934
236.865234
242.248535
247.631836
253.015137
258.398438
263.781738
269.165039
274.548340
279.931641
285.314941
290.698242
296.081543
301.464844
306.848145
312.231445
317.614746
322.998047
328.381348
333.764648
339.147949
344.531250
349.914551
355.297852
360.681152
366.064453
371.447754
376.831055
382.214355
387.597656
392.980957
398.364258
403.747559
409.130859
414.514160
419.897461
425.280762
430.664062
436.047363
441.430664
446.813965
452.197266
457.580566
462.963867
468.347168
473.730469
479.113770
484.497070
489.880371
495.263672
500.646973
506.030273
511.413574
516.796875
522.180176
527.563477
532.946777
538.330078
543.713379
549.096680
554.479980
559.863281
565.246582
570.629883
576.013184
581.396484
586.779785
592.163086
597.546387
602.929688
608.312988
613.696289
619.079590
624.462891
629.846191
635.229492
640.612793
645.996094
651.379395
656.762695
662.145996
667.529297
672.912598
678.295898
683.679199
689.062500
694.445801
699.829102
705.212402
710.595703
715.979004
721.362305
726.745605
732.128906
737.512207
742.895508
748.278809
753.662109
759.045410
764.428711
769.812012
775.195312
780.578613
785.961914
791.345215
796.728516
802.111816
807.495117
812.878418
818.261719
823.645020
829.028320
834.411621
839.794922
845.178223
850.561523
855.944824
861.328125
866.711426
872.094727
877.478027
882.861328
888.244629
893.627930
899.011230
904.394531
909.777832
915.161133
920.544434
925.927734
931.311035
936.694336
942.077637
947.460938
952.844238
958.227539
963.610840
968.994141
974.377441
979.760742
985.144043
990.527344
995.910645
1001.293945
1006.677246
1012.060547
1017.443848
1022.827148
1028.210449
1033.593750
1038.977051
1044.360352
1049.743652
1055.126953
1060.510254
1065.893555
1071.276855
1076.660156
1082.043457
1087.426758
1092.810059
1098.193359
1103.576660
1108.959961
1114.343262
1119.726562
1125.109863
1130.493164
1135.876465
1141.259766
1146.643066
1152.026367
1157.409668
1162.792969
1168.176270
1173.559570
1178.942871
1184.326172
1189.709473
1195.092773
1200.476074
1205.859375
1211.242676
1216.625977
1222.009277
1227.392578
1232.775879
1238.159180
1243.542480
1248.925781
1254.309082
1259.692383
1265.075684
1270.458984
1275.842285
1281.225586
1286.608887
1291.992188
1297.375488
1302.758789
1308.142090
1313.525391
1318.908691
1324.291992
1329.675293
1335.058594
1340.441895
1345.825195
1351.208496
1356.591797
1361.975098
1367.358398
1372.741699
1378.125000
1383.508301
1388.891602
1394.274902
1399.658203
1405.041504
1410.424805
1415.808105
1421.191406
1426.574707
1431.958008
1437.341309
1442.724609
1448.107910
1453.491211
1458.874512
1464.257812
1469.641113
1475.024414
1480.407715
1485.791016
1491.174316
1496.557617
1501.940918
1507.324219
1512.707520
1518.090820
1523.474121
1528.857422
1534.240723
1539.624023
1545.007324
1550.390625
1555.773926
1561.157227
1566.540527
1571.923828
1577.307129
1582.690430
1588.073730
1593.457031
1598.840332
1604.223633
1609.606934
1614.990234
1620.373535
1625.756836
1631.140137
1636.523438
1641.906738
1647.290039
1652.673340
1658.056641
1663.439941
1668.823242
1674.206543
1679.589844
1684.973145
1690.356445
1695.739746
1701.123047
1706.506348
1711.889648
1717.272949
1722.656250
1728.039551
1733.422852
1738.806152
1744.189453
1749.572754
1754.956055
1760.339355
1765.722656
1771.105957
1776.489258
1781.872559
1787.255859
1792.639160
1798.022461
1803.405762
1808.789062
1814.172363
1819.555664
1824.938965
1830.322266
1835.705566
1841.088867
1846.472168
1851.855469
1857.238770
1862.622070
1868.005371
1873.388672
1878.771973
1884.155273
1889.538574
1894.921875
1900.305176
1905.688477
1911.071777
1916.455078
1921.838379
1927.221680
1932.604980
1937.988281
1943.371582
1948.754883
1954.138184
1959.521484
1964.904785
1970.288086
1975.671387
1981.054688
1986.437988
1991.821289
1997.204590
2002.587891
2007.971191
2013.354492
2018.737793
2024.121094
2029.504395
2034.887695
2040.270996
2045.654297
2051.037598
2056.420898
2061.804199
2067.187500
2072.570801
2077.954102
2083.337402
2088.720703
2094.104004
2099.487305
2104.870605
2110.253906
2115.637207
2121.020508
2126.403809
2131.787109
2137.170410
2142.553711
2147.937012
2153.320312
2158.703613
2164.086914
2169.470215
2174.853516
2180.236816
2185.620117
2191.003418
2196.386719
2201.770020
2207.153320
2212.536621
2217.919922
2223.303223
2228.686523
2234.069824
2239.453125
2244.836426
2250.219727
2255.603027
2260.986328
2266.369629
2271.752930
2277.136230
2282.519531
2287.902832
2293.286133
2298.669434
2304.052734
2309.436035
2314.819336
2320.202637
2325.585938
2330.969238
2336.352539
2341.735840
2347.119141
2352.502441
2357.885742
2363.269043
2368.652344
2374.035645
2379.418945
2384.802246
2390.185547
2395.568848
2400.952148
2406.335449
2411.718750
2417.102051
2422.485352
2427.868652
2433.251953
2438.635254
2444.018555
2449.401855
2454.785156
2460.168457
2465.551758
2470.935059
2476.318359
2481.701660
2487.084961
2492.468262
2497.851562
2503.234863
2508.618164
2514.001465
2519.384766
2524.768066
2530.151367
2535.534668
2540.917969
2546.301270
2551.684570
2557.067871
2562.451172
2567.834473
2573.217773
2578.601074
2583.984375
2589.367676
2594.750977
2600.134277
2605.517578
2610.900879
2616.284180
2621.667480
2627.050781
2632.434082
2637.817383
2643.200684
2648.583984
2653.967285
2659.350586
2664.733887
2670.117188
2675.500488
2680.883789
2686.267090
2691.650391
2697.033691
2702.416992
2707.800293
2713.183594
2718.566895
2723.950195
2729.333496
2734.716797
2740.100098
2745.483398
2750.866699
