0.000000
21.533203
43.066406
64.599609
86.132812
107.666016
129.199219
150.732422
172.265625
193.798828
215.332031
236.865234
258.398438
279.931641
301.464844
322.998047
344.531250
366.064453
387.597656
409.130859
430.664062
452.197266
473.730469
495.263672
516.796875
538.330078
559.863281
581.396484
602.929688
624.462891
645.996094
667.529297
689.062500
710.595703
732.128906
753.662109
775.195312
796.728516
818.261719
839.794922
861.328125
882.861328
904.394531
925.927734
947.460938
968.994141
990.527344
1012.060547
1033.593750
1055.126953
1076.660156
1098.193359
1119.726562
1141.259766
1162.792969
1184.326172
1205.859375
1227.392578
1248.925781
1270.458984
1291.992188
1313.525391
1335.058594
1356.591797
1378.125000
1399.658203
1421.191406
1442.724609
1464.257812
1485.791016
1507.324219
1528.857422
1550.390625
1571.923828
1593.457031
1614.990234
1636.523438
1658.056641
1679.589844
1701.123047
1722.656250
1744.189453
1765.722656
1787.255859
1808.789062
1830.322266
1851.855469
1873.388672
1894.921875
1916.455078
1937.988281
1959.521484
1981.054688
2002.587891
2024.121094
2045.654297
2067.187500
2088.720703
2110.253906
2131.787109
2153.320312
2174.853516
2196.386719
2217.919922
2239.453125
2260.986328
2282.519531
2304.052734
2325.585938
2347.119141
2368.652344
2390.185547
2411.718750
2433.251953
2454.785156
2476.318359
2497.851562
2519.384766
2540.917969
2562.451172
2583.984375
2605.517578
2627.050781
2648.583984
2670.117188
2691.650391
2713.183594
2734.716797
2756.250000
2777.783203
2799.316406
2820.849609
2842.382812
2863.916016
2885.449219
2906.982422
2928.515625
2950.048828
2971.582031
2993.115234
3014.648438
3036.181641
3057.714844
3079.248047
3100.781250
3122.314453
3143.847656
3165.380859
3186.914062
3208.447266
3229.980469
3251.513672
3273.046875
3294.580078
3316.113281
3337.646484
3359.179688
3380.712891
3402.246094
3423.779297
3445.312500
3466.845703
3488.378906
3509.912109
3531.445312
3552.978516
3574.511719
3596.044922
3617.578125
3639.111328
3660.644531
3682.177734
3703.710938
3725.244141
3746.777344
3768.310547
3789.843750
3811.376953
3832.910156
3854.443359
3875.976562
3897.509766
3919.042969
3940.576172
3962.109375
3983.642578
4005.175781
4026.708984
4048.242188
4069.775391
4091.308594
4112.841797
4134.375000
4155.908203
4177.441406
4198.974609
4220.507812
4242.041016
4263.574219
4285.107422
4306.640625
4328.173828
4349.707031
4371.240234
4392.773438
4414.306641
4435.839844
4457.373047
4478.906250
4500.439453
4521.972656
4543.505859
4565.039062
4586.572266
4608.105469
4629.638672
4651.171875
4672.705078
4694.238281
4715.771484
4737.304688
4758.837891
4780.371094
4801.904297
4823.437500
4844.970703
4866.503906
4888.037109
4909.570312
4931.103516
4952.636719
4974.169922
4995.703125
5017.236328
5038.769531
5060.302734
5081.835938
5103.369141
5124.902344
5146.435547
5167.968750
5189.501953
5211.035156
5232.568359
5254.101562
5275.634766
5297.167969
5318.701172
5340.234375
5361.767578
5383.300781
5404.833984
5426.367188
5447.900391
5469.433594
5490.966797
5512.500000
5534.033203
5555.566406
5577.099609
5598.632812
5620.166016
5641.699219
5663.232422
5684.765625
5706.298828
5727.832031
5749.365234
5770.898438
5792.431641
5813.964844
5835.498047
5857.031250
5878.564453
5900.097656
5921.630859
5943.164062
5964.697266
5986.230469
6007.763672
6029.296875
6050.830078
6072.363281
6093.896484
6115.429688
6136.962891
6158.496094
6180.029297
6201.562500
6223.095703
6244.628906
6266.162109
6287.695312
6309.228516
6330.761719
6352.294922
6373.828125
6395.361328
6416.894531
6438.427734
6459.960938
6481.494141
6503.027344
6524.560547
6546.093750
6567.626953
6589.160156
6610.693359
6632.226562
6653.759766
6675.292969
6696.826172
6718.359375
6739.892578
6761.425781
6782.958984
6804.492188
6826.025391
6847.558594
6869.091797
6890.625000
6912.158203
6933.691406
6955.224609
6976.757812
6998.291016
7019.824219
7041.357422
7062.890625
7084.423828
7105.957031
7127.490234
7149.023438
7170.556641
7192.089844
7213.623047
7235.156250
7256.689453
7278.222656
7299.755859
7321.289062
7342.822266
7364.355469
7385.888672
7407.421875
7428.955078
7450.488281
7472.021484
7493.554688
7515.087891
7536.621094
7558.154297
7579.687500
7601.220703
7622.753906
7644.287109
7665.820312
7687.353516
7708.886719
7730.419922
7751.953125
7773.486328
7795.019531
7816.552734
7838.085938
7859.619141
7881.152344
7902.685547
7924.218750
7945.751953
7967.285156
7988.818359
8010.351562
8031.884766
8053.417969
8074.951172
8096.484375
8118.017578
8139.550781
8161.083984
8182.617188
8204.150391
8225.683594
8247.216797
8268.750000
8290.283203
8311.816406
8333.349609
8354.882812
8376.416016
8397.949219
8419.482422
8441.015625
8462.548828
8484.082031
8505.615234
8527.148438
8548.681641
8570.214844
8591.748047
8613.281250
8634.814453
8656.347656
8677.880859
8699.414062
8720.947266
8742.480469
8764.013672
8785.546875
8807.080078
8828.613281
8850.146484
8871.679688
8893.212891
8914.746094
8936.279297
8957.812500
8979.345703
9000.878906
9022.412109
9043.945312
9065.478516
9087.011719
9108.544922
9130.078125
9151.611328
9173.144531
9194.677734
9216.210938
9237.744141
9259.277344
9280.810547
9302.343750
9323.876953
9345.410156
9366.943359
9388.476562
9410.009766
9431.542969
9453.076172
9474.609375
9496.142578
9517.675781
9539.208984
9560.742188
9582.275391
9603.808594
9625.341797
9646.875000
9668.408203
9689.941406
9711.474609
9733.007812
9754.541016
9776.074219
9797.607422
9819.140625
9840.673828
9862.207031
9883.740234
9905.273438
9926.806641
9948.339844
9969.873047
9991.406250
10012.939453
10034.472656
10056.005859
10077.539062
10099.072266
10120.605469
10142.138672
10163.671875
10185.205078
10206.738281
10228.271484
10249.804688
10271.337891
10292.871094
10314.404297
10335.937500
10357.470703
10379.003906
10400.537109
10422.070312
10443.603516
10465.136719
10486.669922
10508.203125
10529.736328
10551.269531
10572.802734
10594.335938
10615.869141
10637.402344
10658.935547
10680.468750
10702.001953
10723.535156
10745.068359
10766.601562
10788.134766
10809.667969
10831.201172
10852.734375
10874.267578
10895.800781
10917.333984
10938.867188
10960.400391
10981.933594
11003.466797
