0.000000
1.345825
2.691650
4.037476
5.383301
6.729126
8.074951
9.420776
10.766602
12.112427
13.458252
14.804077
16.149902
17.495728
18.841553
20.187378
21.533203
22.879028
24.224854
25.570679
26.916504
28.262329
29.608154
30.953979
32.299805
33.645630
34.991455
36.337280
37.683105
39.028931
40.374756
41.720581
43.066406
44.412231
45.758057
47.103882
48.449707
49.795532
51.141357
52.487183
53.833008
55.178833
56.524658
57.870483
59.216309
60.562134
61.907959
63.253784
64.599609
65.945435
67.291260
68.637085
69.982910
71.328735
72.674561
74.020386
75.366211
76.712036
78.057861
79.403687
80.749512
82.095337
83.441162
84.786987
86.132812
87.478638
88.824463
90.170288
91.516113
92.861938
94.207764
95.553589
96.899414
98.245239
99.591064
100.936890
102.282715
103.628540
104.974365
106.320190
107.666016
109.011841
110.357666
111.703491
113.049316
114.395142
115.740967
117.086792
118.432617
119.778442
121.124268
122.470093
123.815918
125.161743
126.507568
127.853394
129.199219
130.545044
131.890869
133.236694
134.582520
135.928345
137.274170
138.619995
139.965820
141.311646
142.657471
144.003296
145.349121
146.694946
148.040771
149.386597
150.732422
152.078247
153.424072
154.769897
156.115723
157.461548
158.807373
160.153198
161.499023
162.844849
164.190674
165.536499
166.882324
168.228149
169.573975
170.919800
172.265625
173.611450
174.957275
176.303101
177.648926
178.994751
180.340576
181.686401
183.032227
184.378052
185.723877
187.069702
188.415527
189.761353
191.107178
192.453003
193.798828
195.144653
196.490479
197.836304
199.182129
200.527954
201.873779
203.219604
204.565430
205.911255
207.257080
208.602905
209.948730
211.294556
212.640381
213.986206
215.332031
216.677856
218.023682
219.369507
220.715332
222.061157
223.406982
224.752808
226.098633
227.444458
228.790283
230.136108
231.481934
232.827759
234.173584
235.519409
236.865234
238.211060
239.556885
240.902710
242.248535
243.594360
244.940186
246.286011
247.631836
248.977661
250.323486
251.669312
253.015137
254.360962
255.706787
257.052612
258.398438
259.744263
261.090088
262.435913
263.781738
265.127563
266.473389
267.819214
269.165039
270.510864
271.856689
273.202515
274.548340
275.894165
277.239990
278.585815
279.931641
281.277466
282.623291
283.969116
285.314941
286.660767
288.006592
289.352417
290.698242
292.044067
293.389893
294.735718
296.081543
297.427368
298.773193
300.119019
301.464844
302.810669
304.156494
305.502319
306.848145
308.193970
309.539795
310.885620
312.231445
313.577271
314.923096
316.268921
317.614746
318.960571
320.306396
321.652222
322.998047
324.343872
325.689697
327.035522
328.381348
329.727173
331.072998
332.418823
333.764648
335.110474
336.456299
337.802124
339.147949
340.493774
341.839600
343.185425
344.531250
345.877075
347.222900
348.568726
349.914551
351.260376
352.606201
353.952026
355.297852
356.643677
357.989502
359.335327
360.681152
362.026978
363.372803
364.718628
366.064453
367.410278
368.756104
370.101929
371.447754
372.793579
374.139404
375.485229
376.831055
378.176880
379.522705
380.868530
382.214355
383.560181
384.906006
386.251831
387.597656
388.943481
390.289307
391.635132
392.980957
394.326782
395.672607
397.018433
398.364258
399.710083
401.055908
402.401733
403.747559
405.093384
406.439209
407.785034
409.130859
410.476685
411.822510
413.168335
414.514160
415.859985
417.205811
418.551636
419.897461
421.243286
422.589111
423.934937
425.280762
426.626587
427.972412
429.318237
430.664062
432.009888
433.355713
434.701538
436.047363
437.393188
438.739014
440.084839
441.430664
442.776489
444.122314
445.468140
446.813965
448.159790
449.505615
450.851440
452.197266
453.543091
454.888916
456.234741
457.580566
458.926392
460.272217
461.618042
462.963867
464.309692
465.655518
467.001343
468.347168
469.692993
471.038818
472.384644
473.730469
475.076294
476.422119
477.767944
479.113770
480.459595
481.805420
483.151245
484.497070
485.842896
487.188721
488.534546
489.880371
491.226196
492.572021
493.917847
495.263672
496.609497
497.955322
499.301147
500.646973
501.992798
503.338623
504.684448
506.030273
507.376099
508.721924
510.067749
511.413574
512.759399
514.105225
515.451050
516.796875
518.142700
519.488525
520.834351
522.180176
523.526001
524.871826
526.217651
527.563477
528.909302
530.255127
531.600952
532.946777
534.292603
535.638428
536.984253
538.330078
539.675903
541.021729
542.367554
543.713379
545.059204
546.405029
547.750854
549.096680
550.442505
551.788330
553.134155
554.479980
555.825806
557.171631
558.517456
559.863281
561.209106
562.554932
563.900757
565.246582
566.592407
567.938232
569.284058
570.629883
571.975708
573.321533
574.667358
576.013184
577.359009
578.704834
580.050659
581.396484
582.742310
584.088135
585.433960
586.779785
588.125610
589.471436
590.817261
592.163086
593.508911
594.854736
596.200562
597.546387
598.892212
600.238037
601.583862
602.929688
604.275513
605.621338
606.967163
608.312988
609.658813
611.004639
612.350464
613.696289
615.042114
616.387939
617.733765
619.079590
620.425415
621.771240
623.117065
624.462891
625.808716
627.154541
628.500366
629.846191
631.192017
632.537842
633.883667
635.229492
636.575317
637.921143
639.266968
640.612793
641.958618
643.304443
644.650269
645.996094
647.341919
648.687744
650.033569
651.379395
652.725220
654.071045
655.416870
656.762695
658.108521
659.454346
660.800171
662.145996
663.491821
664.837646
666.183472
667.529297
668.875122
670.220947
671.566772
672.912598
674.258423
675.604248
676.950073
678.295898
679.641724
680.987549
682.333374
683.679199
685.025024
686.370850
687.716675
