0.000000
10.766602
21.533203
32.299805
43.066406
53.833008
64.599609
75.366211
86.132812
96.899414
107.666016
118.432617
129.199219
139.965820
150.732422
161.499023
172.265625
183.032227
193.798828
204.565430
215.332031
226.098633
236.865234
247.631836
258.398438
269.165039
279.931641
290.698242
301.464844
312.231445
322.998047
333.764648
344.531250
355.297852
366.064453
376.831055
387.597656
398.364258
409.130859
419.897461
430.664062
441.430664
452.197266
462.963867
473.730469
484.497070
495.263672
506.030273
516.796875
527.563477
538.330078
549.096680
559.863281
570.629883
581.396484
592.163086
602.929688
613.696289
624.462891
635.229492
645.996094
656.762695
667.529297
678.295898
689.062500
699.829102
710.595703
721.362305
732.128906
742.895508
753.662109
764.428711
775.195312
785.961914
796.728516
807.495117
818.261719
829.028320
839.794922
850.561523
861.328125
872.094727
882.861328
893.627930
904.394531
915.161133
925.927734
936.694336
947.460938
958.227539
968.994141
979.760742
990.527344
1001.293945
1012.060547
1022.827148
1033.593750
1044.360352
1055.126953
1065.893555
1076.660156
1087.426758
1098.193359
1108.959961
1119.726562
1130.493164
1141.259766
1152.026367
1162.792969
1173.559570
1184.326172
1195.092773
1205.859375
1216.625977
1227.392578
1238.159180
1248.925781
1259.692383
1270.458984
1281.225586
1291.992188
1302.758789
1313.525391
1324.291992
1335.058594
1345.825195
1356.591797
1367.358398
1378.125000
1388.891602
1399.658203
1410.424805
1421.191406
1431.958008
1442.724609
1453.491211
1464.257812
1475.024414
1485.791016
1496.557617
1507.324219
1518.090820
1528.857422
1539.624023
1550.390625
1561.157227
1571.923828
1582.690430
1593.457031
1604.223633
1614.990234
1625.756836
1636.523438
1647.290039
1658.056641
1668.823242
1679.589844
1690.356445
1701.123047
1711.889648
1722.656250
1733.422852
1744.189453
1754.956055
1765.722656
1776.489258
1787.255859
1798.022461
1808.789062
1819.555664
1830.322266
1841.088867
1851.855469
1862.622070
1873.388672
1884.155273
1894.921875
1905.688477
1916.455078
1927.221680
1937.988281
1948.754883
1959.521484
1970.288086
1981.054688
1991.821289
2002.587891
2013.354492
2024.121094
2034.887695
2045.654297
2056.420898
2067.187500
2077.954102
2088.720703
2099.487305
2110.253906
2121.020508
2131.787109
2142.553711
2153.320312
2164.086914
2174.853516
2185.620117
2196.386719
2207.153320
2217.919922
2228.686523
2239.453125
2250.219727
2260.986328
2271.752930
2282.519531
2293.286133
2304.052734
2314.819336
2325.585938
2336.352539
2347.119141
2357.885742
2368.652344
2379.418945
2390.185547
2400.952148
2411.718750
2422.485352
2433.251953
2444.018555
2454.785156
2465.551758
2476.318359
2487.084961
2497.851562
2508.618164
2519.384766
2530.151367
2540.917969
2551.684570
2562.451172
2573.217773
2583.984375
2594.750977
2605.517578
2616.284180
2627.050781
2637.817383
2648.583984
2659.350586
2670.117188
2680.883789
2691.650391
2702.416992
2713.183594
2723.950195
2734.716797
2745.483398
2756.250000
2767.016602
2777.783203
2788.549805
2799.316406
2810.083008
2820.849609
2831.616211
2842.382812
2853.149414
2863.916016
2874.682617
2885.449219
2896.215820
2906.982422
2917.749023
2928.515625
2939.282227
2950.048828
2960.815430
2971.582031
2982.348633
2993.115234
3003.881836
3014.648438
3025.415039
3036.181641
3046.948242
3057.714844
3068.481445
3079.248047
3090.014648
3100.781250
3111.547852
3122.314453
3133.081055
3143.847656
3154.614258
3165.380859
3176.147461
3186.914062
3197.680664
3208.447266
3219.213867
3229.980469
3240.747070
3251.513672
3262.280273
3273.046875
3283.813477
3294.580078
3305.346680
3316.113281
3326.879883
3337.646484
3348.413086
3359.179688
3369.946289
3380.712891
3391.479492
3402.246094
3413.012695
3423.779297
3434.545898
3445.312500
3456.079102
3466.845703
3477.612305
3488.378906
3499.145508
3509.912109
3520.678711
3531.445312
3542.211914
3552.978516
3563.745117
3574.511719
3585.278320
3596.044922
3606.811523
3617.578125
3628.344727
3639.111328
3649.877930
3660.644531
3671.411133
3682.177734
3692.944336
3703.710938
3714.477539
3725.244141
3736.010742
3746.777344
3757.543945
3768.310547
3779.077148
3789.843750
3800.610352
3811.376953
3822.143555
3832.910156
3843.676758
3854.443359
3865.209961
3875.976562
3886.743164
3897.509766
3908.276367
3919.042969
3929.809570
3940.576172
3951.342773
3962.109375
3972.875977
3983.642578
3994.409180
4005.175781
4015.942383
4026.708984
4037.475586
4048.242188
4059.008789
4069.775391
4080.541992
4091.308594
4102.075195
4112.841797
4123.608398
4134.375000
4145.141602
4155.908203
4166.674805
4177.441406
4188.208008
4198.974609
4209.741211
4220.507812
4231.274414
4242.041016
4252.807617
4263.574219
4274.340820
4285.107422
4295.874023
4306.640625
4317.407227
4328.173828
4338.940430
4349.707031
4360.473633
4371.240234
4382.006836
4392.773438
4403.540039
4414.306641
4425.073242
4435.839844
4446.606445
4457.373047
4468.139648
4478.906250
4489.672852
4500.439453
4511.206055
4521.972656
4532.739258
4543.505859
4554.272461
4565.039062
4575.805664
4586.572266
4597.338867
4608.105469
4618.872070
4629.638672
4640.405273
4651.171875
4661.938477
4672.705078
4683.471680
4694.238281
4705.004883
4715.771484
4726.538086
4737.304688
4748.071289
4758.837891
4769.604492
4780.371094
4791.137695
4801.904297
4812.670898
4823.437500
4834.204102
4844.970703
4855.737305
4866.503906
4877.270508
4888.037109
4898.803711
4909.570312
4920.336914
4931.103516
4941.870117
4952.636719
4963.403320
4974.169922
4984.936523
4995.703125
5006.469727
5017.236328
5028.002930
5038.769531
5049.536133
5060.302734
5071.069336
5081.835938
5092.602539
5103.369141
5114.135742
5124.902344
5135.668945
5146.435547
5157.202148
5167.968750
5178.735352
5189.501953
5200.268555
5211.035156
5221.801758
5232.568359
5243.334961
5254.101562
5264.868164
5275.634766
5286.401367
5297.167969
5307.934570
5318.701172
5329.467773
5340.234375
5351.000977
5361.767578
5372.534180
5383.300781
5394.067383
5404.833984
5415.600586
5426.367188
5437.133789
5447.900391
5458.666992
5469.433594
5480.200195
5490.966797
5501.733398
5512.500000
5523.266602
5534.033203
5544.799805
5555.566406
5566.333008
5577.099609
5587.866211
5598.632812
5609.399414
5620.166016
5630.932617
5641.699219
5652.465820
5663.232422
5673.999023
5684.765625
5695.532227
5706.298828
5717.065430
5727.832031
5738.598633
5749.365234
5760.131836
5770.898438
5781.665039
5792.431641
5803.198242
5813.964844
5824.731445
5835.498047
5846.264648
5857.031250
5867.797852
5878.564453
5889.331055
5900.097656
5910.864258
5921.630859
5932.397461
5943.164062
5953.930664
5964.697266
5975.463867
5986.230469
5996.997070
6007.763672
6018.530273
6029.296875
6040.063477
6050.830078
6061.596680
6072.363281
6083.129883
6093.896484
6104.663086
6115.429688
6126.196289
6136.962891
6147.729492
6158.496094
6169.262695
6180.029297
6190.795898
6201.562500
6212.329102
6223.095703
6233.862305
6244.628906
6255.395508
6266.162109
6276.928711
6287.695312
6298.461914
6309.228516
6319.995117
6330.761719
6341.528320
6352.294922
6363.061523
6373.828125
6384.594727
6395.361328
6406.127930
6416.894531
6427.661133
6438.427734
6449.194336
6459.960938
6470.727539
6481.494141
6492.260742
6503.027344
6513.793945
6524.560547
6535.327148
6546.093750
6556.860352
6567.626953
6578.393555
6589.160156
6599.926758
6610.693359
6621.459961
6632.226562
6642.993164
6653.759766
6664.526367
6675.292969
6686.059570
6696.826172
6707.592773
6718.359375
6729.125977
6739.892578
6750.659180
6761.425781
6772.192383
6782.958984
6793.725586
6804.492188
6815.258789
6826.025391
6836.791992
6847.558594
6858.325195
6869.091797
6879.858398
6890.625000
6901.391602
6912.158203
6922.924805
6933.691406
6944.458008
6955.224609
6965.991211
6976.757812
6987.524414
6998.291016
7009.057617
7019.824219
7030.590820
7041.357422
7052.124023
7062.890625
7073.657227
7084.423828
7095.190430
7105.957031
7116.723633
7127.490234
7138.256836
7149.023438
7159.790039
7170.556641
7181.323242
7192.089844
7202.856445
7213.623047
7224.389648
7235.156250
7245.922852
7256.689453
7267.456055
7278.222656
7288.989258
7299.755859
7310.522461
7321.289062
7332.055664
7342.822266
7353.588867
7364.355469
7375.122070
7385.888672
7396.655273
7407.421875
7418.188477
7428.955078
7439.721680
7450.488281
7461.254883
7472.021484
7482.788086
7493.554688
7504.321289
7515.087891
7525.854492
7536.621094
7547.387695
7558.154297
7568.920898
7579.687500
7590.454102
7601.220703
7611.987305
7622.753906
7633.520508
7644.287109
7655.053711
7665.820312
7676.586914
7687.353516
7698.120117
7708.886719
7719.653320
7730.419922
7741.186523
7751.953125
7762.719727
7773.486328
7784.252930
7795.019531
7805.786133
7816.552734
7827.319336
7838.085938
7848.852539
7859.619141
7870.385742
7881.152344
7891.918945
7902.685547
7913.452148
7924.218750
7934.985352
7945.751953
7956.518555
7967.285156
7978.051758
7988.818359
7999.584961
8010.351562
8021.118164
8031.884766
8042.651367
8053.417969
8064.184570
8074.951172
8085.717773
8096.484375
8107.250977
8118.017578
8128.784180
8139.550781
8150.317383
8161.083984
8171.850586
8182.617188
8193.383789
8204.150391
8214.916992
8225.683594
8236.450195
8247.216797
8257.983398
8268.750000
8279.516602
8290.283203
8301.049805
8311.816406
8322.583008
8333.349609
8344.116211
8354.882812
8365.649414
8376.416016
8387.182617
8397.949219
8408.715820
8419.482422
8430.249023
8441.015625
8451.782227
8462.548828
8473.315430
8484.082031
8494.848633
8505.615234
8516.381836
8527.148438
8537.915039
8548.681641
8559.448242
8570.214844
8580.981445
8591.748047
8602.514648
8613.281250
8624.047852
8634.814453
8645.581055
8656.347656
8667.114258
8677.880859
8688.647461
8699.414062
8710.180664
8720.947266
8731.713867
8742.480469
8753.247070
8764.013672
8774.780273
8785.546875
8796.313477
8807.080078
8817.846680
8828.613281
8839.379883
8850.146484
8860.913086
8871.679688
8882.446289
8893.212891
8903.979492
8914.746094
8925.512695
8936.279297
8947.045898
8957.812500
8968.579102
8979.345703
8990.112305
9000.878906
9011.645508
9022.412109
9033.178711
9043.945312
9054.711914
9065.478516
9076.245117
9087.011719
9097.778320
9108.544922
9119.311523
9130.078125
9140.844727
9151.611328
9162.377930
9173.144531
9183.911133
9194.677734
9205.444336
9216.210938
9226.977539
9237.744141
9248.510742
9259.277344
9270.043945
9280.810547
9291.577148
9302.343750
9313.110352
9323.876953
9334.643555
9345.410156
9356.176758
9366.943359
9377.709961
9388.476562
9399.243164
9410.009766
9420.776367
9431.542969
9442.309570
9453.076172
9463.842773
9474.609375
9485.375977
9496.142578
9506.909180
9517.675781
9528.442383
9539.208984
9549.975586
9560.742188
9571.508789
9582.275391
9593.041992
9603.808594
9614.575195
9625.341797
9636.108398
9646.875000
9657.641602
9668.408203
9679.174805
9689.941406
9700.708008
9711.474609
9722.241211
9733.007812
9743.774414
9754.541016
9765.307617
9776.074219
9786.840820
9797.607422
9808.374023
9819.140625
9829.907227
9840.673828
9851.440430
9862.207031
9872.973633
9883.740234
9894.506836
9905.273438
9916.040039
9926.806641
9937.573242
9948.339844
9959.106445
9969.873047
9980.639648
9991.406250
10002.172852
10012.939453
10023.706055
10034.472656
10045.239258
10056.005859
10066.772461
10077.539062
10088.305664
10099.072266
10109.838867
10120.605469
10131.372070
10142.138672
10152.905273
10163.671875
10174.438477
10185.205078
10195.971680
10206.738281
10217.504883
10228.271484
10239.038086
10249.804688
10260.571289
10271.337891
10282.104492
10292.871094
10303.637695
10314.404297
10325.170898
10335.937500
10346.704102
10357.470703
10368.237305
10379.003906
10389.770508
10400.537109
10411.303711
10422.070312
10432.836914
10443.603516
10454.370117
10465.136719
10475.903320
10486.669922
10497.436523
10508.203125
10518.969727
10529.736328
10540.502930
10551.269531
10562.036133
10572.802734
10583.569336
10594.335938
10605.102539
10615.869141
10626.635742
10637.402344
10648.168945
10658.935547
10669.702148
10680.468750
10691.235352
10702.001953
10712.768555
10723.535156
10734.301758
10745.068359
10755.834961
10766.601562
10777.368164
10788.134766
10798.901367
10809.667969
10820.434570
10831.201172
10841.967773
10852.734375
10863.500977
10874.267578
10885.034180
10895.800781
10906.567383
10917.333984
10928.100586
10938.867188
10949.633789
10960.400391
10971.166992
10981.933594
10992.700195
11003.466797
11014.233398
