0.000000
21.533203
43.066406
64.599609
86.132812
107.666016
129.199219
150.732422
172.265625
193.798828
215.332031
236.865234
258.398438
279.931641
301.464844
322.998047
344.531250
366.064453
387.597656
409.130859
430.664062
452.197266
473.730469
495.263672
516.796875
538.330078
559.863281
581.396484
602.929688
624.462891
645.996094
667.529297
689.062500
710.595703
732.128906
753.662109
775.195312
796.728516
818.261719
839.794922
861.328125
882.861328
904.394531
925.927734
947.460938
968.994141
990.527344
1012.060547
1033.593750
1055.126953
1076.660156
1098.193359
1119.726562
1141.259766
1162.792969
1184.326172
1205.859375
1227.392578
1248.925781
1270.458984
1291.992188
1313.525391
1335.058594
1356.591797
1378.125000
1399.658203
1421.191406
1442.724609
1464.257812
1485.791016
1507.324219
1528.857422
1550.390625
1571.923828
1593.457031
1614.990234
1636.523438
1658.056641
1679.589844
1701.123047
1722.656250
1744.189453
1765.722656
1787.255859
1808.789062
1830.322266
1851.855469
1873.388672
1894.921875
1916.455078
1937.988281
1959.521484
1981.054688
2002.587891
2024.121094
2045.654297
2067.187500
2088.720703
2110.253906
2131.787109
2153.320312
2174.853516
2196.386719
2217.919922
2239.453125
2260.986328
2282.519531
2304.052734
2325.585938
2347.119141
2368.652344
2390.185547
2411.718750
2433.251953
2454.785156
2476.318359
2497.851562
2519.384766
2540.917969
2562.451172
2583.984375
2605.517578
2627.050781
2648.583984
2670.117188
2691.650391
2713.183594
2734.716797
2756.250000
2777.783203
2799.316406
2820.849609
2842.382812
2863.916016
2885.449219
2906.982422
2928.515625
2950.048828
2971.582031
2993.115234
3014.648438
3036.181641
3057.714844
3079.248047
3100.781250
3122.314453
3143.847656
3165.380859
3186.914062
3208.447266
3229.980469
3251.513672
3273.046875
3294.580078
3316.113281
3337.646484
3359.179688
3380.712891
3402.246094
3423.779297
3445.312500
3466.845703
3488.378906
3509.912109
3531.445312
3552.978516
3574.511719
3596.044922
3617.578125
3639.111328
3660.644531
3682.177734
3703.710938
3725.244141
3746.777344
3768.310547
3789.843750
3811.376953
3832.910156
3854.443359
3875.976562
3897.509766
3919.042969
3940.576172
3962.109375
3983.642578
4005.175781
4026.708984
4048.242188
4069.775391
4091.308594
4112.841797
4134.375000
4155.908203
4177.441406
4198.974609
4220.507812
4242.041016
4263.574219
4285.107422
4306.640625
4328.173828
4349.707031
4371.240234
4392.773438
4414.306641
4435.839844
4457.373047
4478.906250
4500.439453
4521.972656
4543.505859
4565.039062
4586.572266
4608.105469
4629.638672
4651.171875
4672.705078
4694.238281
4715.771484
4737.304688
4758.837891
4780.371094
4801.904297
4823.437500
4844.970703
4866.503906
4888.037109
4909.570312
4931.103516
4952.636719
4974.169922
4995.703125
5017.236328
5038.769531
5060.302734
5081.835938
5103.369141
5124.902344
5146.435547
5167.968750
5189.501953
5211.035156
5232.568359
5254.101562
5275.634766
5297.167969
5318.701172
5340.234375
5361.767578
5383.300781
5404.833984
5426.367188
5447.900391
5469.433594
5490.966797
5512.500000
5534.033203
5555.566406
5577.099609
5598.632812
5620.166016
5641.699219
5663.232422
5684.765625
5706.298828
5727.832031
5749.365234
5770.898438
5792.431641
5813.964844
5835.498047
5857.031250
5878.564453
5900.097656
5921.630859
5943.164062
5964.697266
5986.230469
6007.763672
6029.296875
6050.830078
6072.363281
6093.896484
6115.429688
6136.962891
6158.496094
6180.029297
6201.562500
6223.095703
6244.628906
6266.162109
6287.695312
6309.228516
6330.761719
6352.294922
6373.828125
6395.361328
6416.894531
6438.427734
6459.960938
6481.494141
6503.027344
6524.560547
6546.093750
6567.626953
6589.160156
6610.693359
6632.226562
6653.759766
6675.292969
6696.826172
6718.359375
6739.892578
6761.425781
6782.958984
6804.492188
6826.025391
6847.558594
6869.091797
6890.625000
6912.158203
6933.691406
6955.224609
6976.757812
6998.291016
7019.824219
7041.357422
7062.890625
7084.423828
7105.957031
7127.490234
7149.023438
7170.556641
7192.089844
7213.623047
7235.156250
7256.689453
7278.222656
7299.755859
7321.289062
7342.822266
7364.355469
7385.888672
7407.421875
7428.955078
7450.488281
7472.021484
7493.554688
7515.087891
7536.621094
7558.154297
7579.687500
7601.220703
7622.753906
7644.287109
7665.820312
7687.353516
7708.886719
7730.419922
7751.953125
7773.486328
7795.019531
7816.552734
7838.085938
7859.619141
7881.152344
7902.685547
7924.218750
7945.751953
7967.285156
7988.818359
8010.351562
8031.884766
8053.417969
8074.951172
8096.484375
8118.017578
8139.550781
8161.083984
8182.617188
8204.150391
8225.683594
8247.216797
8268.750000
8290.283203
8311.816406
8333.349609
8354.882812
8376.416016
8397.949219
8419.482422
8441.015625
8462.548828
8484.082031
8505.615234
8527.148438
8548.681641
8570.214844
8591.748047
8613.281250
8634.814453
8656.347656
8677.880859
8699.414062
8720.947266
8742.480469
8764.013672
8785.546875
8807.080078
8828.613281
8850.146484
8871.679688
8893.212891
8914.746094
8936.279297
8957.812500
8979.345703
9000.878906
9022.412109
9043.945312
9065.478516
9087.011719
9108.544922
9130.078125
9151.611328
9173.144531
9194.677734
9216.210938
9237.744141
9259.277344
9280.810547
9302.343750
9323.876953
9345.410156
9366.943359
9388.476562
9410.009766
9431.542969
9453.076172
9474.609375
9496.142578
9517.675781
9539.208984
9560.742188
9582.275391
9603.808594
9625.341797
9646.875000
9668.408203
9689.941406
9711.474609
9733.007812
9754.541016
9776.074219
9797.607422
9819.140625
9840.673828
9862.207031
9883.740234
9905.273438
9926.806641
9948.339844
9969.873047
9991.406250
10012.939453
10034.472656
10056.005859
10077.539062
10099.072266
10120.605469
10142.138672
10163.671875
10185.205078
10206.738281
10228.271484
10249.804688
10271.337891
10292.871094
10314.404297
10335.937500
10357.470703
10379.003906
10400.537109
10422.070312
10443.603516
10465.136719
10486.669922
10508.203125
10529.736328
10551.269531
10572.802734
10594.335938
10615.869141
10637.402344
10658.935547
10680.468750
10702.001953
10723.535156
10745.068359
10766.601562
10788.134766
10809.667969
10831.201172
10852.734375
10874.267578
10895.800781
10917.333984
10938.867188
10960.400391
10981.933594
11003.466797
11025.000000
11046.533203
11068.066406
11089.599609
11111.132812
11132.666016
11154.199219
11175.732422
11197.265625
11218.798828
11240.332031
11261.865234
11283.398438
11304.931641
11326.464844
11347.998047
11369.531250
11391.064453
11412.597656
11434.130859
11455.664062
11477.197266
11498.730469
11520.263672
11541.796875
11563.330078
11584.863281
11606.396484
11627.929688
11649.462891
11670.996094
11692.529297
11714.062500
11735.595703
11757.128906
11778.662109
11800.195312
11821.728516
11843.261719
11864.794922
11886.328125
11907.861328
11929.394531
11950.927734
11972.460938
11993.994141
12015.527344
12037.060547
12058.593750
12080.126953
12101.660156
12123.193359
12144.726562
12166.259766
12187.792969
12209.326172
12230.859375
12252.392578
12273.925781
12295.458984
12316.992188
12338.525391
12360.058594
12381.591797
12403.125000
12424.658203
12446.191406
12467.724609
12489.257812
12510.791016
12532.324219
12553.857422
12575.390625
12596.923828
12618.457031
12639.990234
12661.523438
12683.056641
12704.589844
12726.123047
12747.656250
12769.189453
12790.722656
12812.255859
12833.789062
12855.322266
12876.855469
12898.388672
12919.921875
12941.455078
12962.988281
12984.521484
13006.054688
13027.587891
13049.121094
13070.654297
13092.187500
13113.720703
13135.253906
13156.787109
13178.320312
13199.853516
13221.386719
13242.919922
13264.453125
13285.986328
13307.519531
13329.052734
13350.585938
13372.119141
13393.652344
13415.185547
13436.718750
13458.251953
13479.785156
13501.318359
13522.851562
13544.384766
13565.917969
13587.451172
13608.984375
13630.517578
13652.050781
13673.583984
13695.117188
13716.650391
13738.183594
13759.716797
13781.250000
13802.783203
13824.316406
13845.849609
13867.382812
13888.916016
13910.449219
13931.982422
13953.515625
13975.048828
13996.582031
14018.115234
14039.648438
14061.181641
14082.714844
14104.248047
14125.781250
14147.314453
14168.847656
14190.380859
14211.914062
14233.447266
14254.980469
14276.513672
14298.046875
14319.580078
14341.113281
14362.646484
14384.179688
14405.712891
14427.246094
14448.779297
14470.312500
14491.845703
14513.378906
14534.912109
14556.445312
14577.978516
14599.511719
14621.044922
14642.578125
14664.111328
14685.644531
14707.177734
14728.710938
14750.244141
14771.777344
14793.310547
14814.843750
14836.376953
14857.910156
14879.443359
14900.976562
14922.509766
14944.042969
14965.576172
14987.109375
15008.642578
15030.175781
15051.708984
15073.242188
15094.775391
15116.308594
15137.841797
15159.375000
15180.908203
15202.441406
15223.974609
15245.507812
15267.041016
15288.574219
15310.107422
15331.640625
15353.173828
15374.707031
15396.240234
15417.773438
15439.306641
15460.839844
15482.373047
15503.906250
15525.439453
15546.972656
15568.505859
15590.039062
15611.572266
15633.105469
15654.638672
15676.171875
15697.705078
15719.238281
15740.771484
15762.304688
15783.837891
15805.371094
15826.904297
15848.437500
15869.970703
15891.503906
15913.037109
15934.570312
15956.103516
15977.636719
15999.169922
16020.703125
16042.236328
16063.769531
16085.302734
16106.835938
16128.369141
16149.902344
16171.435547
16192.968750
16214.501953
16236.035156
16257.568359
16279.101562
16300.634766
16322.167969
16343.701172
16365.234375
16386.767578
16408.300781
16429.833984
16451.367188
16472.900391
16494.433594
16515.966797
16537.500000
16559.033203
16580.566406
16602.099609
16623.632812
16645.166016
16666.699219
16688.232422
16709.765625
16731.298828
16752.832031
16774.365234
16795.898438
16817.431641
16838.964844
16860.498047
16882.031250
16903.564453
16925.097656
16946.630859
16968.164062
16989.697266
17011.230469
17032.763672
17054.296875
17075.830078
17097.363281
17118.896484
17140.429688
17161.962891
17183.496094
17205.029297
17226.562500
17248.095703
17269.628906
17291.162109
17312.695312
17334.228516
17355.761719
17377.294922
17398.828125
17420.361328
17441.894531
17463.427734
17484.960938
17506.494141
17528.027344
17549.560547
17571.093750
17592.626953
17614.160156
17635.693359
17657.226562
17678.759766
17700.292969
17721.826172
17743.359375
17764.892578
17786.425781
17807.958984
17829.492188
17851.025391
17872.558594
17894.091797
17915.625000
17937.158203
17958.691406
17980.224609
18001.757812
18023.291016
18044.824219
18066.357422
18087.890625
18109.423828
18130.957031
18152.490234
18174.023438
18195.556641
18217.089844
18238.623047
18260.156250
18281.689453
18303.222656
18324.755859
18346.289062
18367.822266
18389.355469
18410.888672
18432.421875
18453.955078
18475.488281
18497.021484
18518.554688
18540.087891
18561.621094
18583.154297
18604.687500
18626.220703
18647.753906
18669.287109
18690.820312
18712.353516
18733.886719
18755.419922
18776.953125
18798.486328
18820.019531
18841.552734
18863.085938
18884.619141
18906.152344
18927.685547
18949.218750
18970.751953
18992.285156
19013.818359
19035.351562
19056.884766
19078.417969
19099.951172
19121.484375
19143.017578
19164.550781
19186.083984
19207.617188
19229.150391
19250.683594
19272.216797
19293.750000
19315.283203
19336.816406
19358.349609
19379.882812
19401.416016
19422.949219
19444.482422
19466.015625
19487.548828
19509.082031
19530.615234
19552.148438
19573.681641
19595.214844
19616.748047
19638.281250
19659.814453
19681.347656
19702.880859
19724.414062
19745.947266
19767.480469
19789.013672
19810.546875
19832.080078
19853.613281
19875.146484
19896.679688
19918.212891
19939.746094
19961.279297
19982.812500
20004.345703
20025.878906
20047.412109
20068.945312
20090.478516
20112.011719
20133.544922
20155.078125
20176.611328
20198.144531
20219.677734
20241.210938
20262.744141
20284.277344
20305.810547
20327.343750
20348.876953
20370.410156
20391.943359
20413.476562
20435.009766
20456.542969
20478.076172
20499.609375
20521.142578
20542.675781
20564.208984
20585.742188
20607.275391
20628.808594
20650.341797
20671.875000
20693.408203
20714.941406
20736.474609
20758.007812
20779.541016
20801.074219
20822.607422
20844.140625
20865.673828
20887.207031
20908.740234
20930.273438
20951.806641
20973.339844
20994.873047
21016.406250
21037.939453
21059.472656
21081.005859
21102.539062
21124.072266
21145.605469
21167.138672
21188.671875
21210.205078
21231.738281
21253.271484
21274.804688
21296.337891
21317.871094
21339.404297
21360.937500
21382.470703
21404.003906
21425.537109
21447.070312
21468.603516
21490.136719
21511.669922
21533.203125
21554.736328
21576.269531
21597.802734
21619.335938
21640.869141
21662.402344
21683.935547
21705.468750
21727.001953
21748.535156
21770.068359
21791.601562
21813.134766
21834.667969
21856.201172
21877.734375
21899.267578
21920.800781
21942.333984
21963.867188
21985.400391
22006.933594
22028.466797
